45
95
14
17
79
23
37
16
99
67
76
54
56
95
18
85
62
56
74
55
98
22
31
60
27
92
19
81
53
44
46
65
11
46
26
98
70
36
44
36
83
99
24
94
43
17
42
43
11
46
33
87
52
71
87
15
52
89
96
18
35
83
14
26
43
71
69
4
10
6
36
25
68
82
86
91
76
75
85
28
23
20
10
8
75
68
4
10
29
9
27
70
77
33
95
14
63
78
37
99
62
74
81
57
97
97
57
11
49
16
48
42
54
2
66
59
70
70
72
2
55
23
81
62
15
37
24
68
33
79
51
8
95
92
75
24
95
5
52
87
61
79
28
4
17
53
33
2
57
32
26
70
90
34
90
68
97
3
50
25
13
30
95
56
70
17
67
10
93
25
75
40
9
57
60
5
94
62
38
42
6
18
49
43
91
86
10
65
98
0
28
88
27
42
17
1
24
62
13
5
68
19
18
52
38
84
9
15
77
59
89
13
30
72
45
71
91
92
54
85
27
52
66
64
36
6
79
64
92
89
53
36
98
53
56
45
23
37
9
70
9
34
30
0
77
11
13
70
16
83
90
5
26
30
9
7
29
90
52
83
74
57
85
18
68
51
32
5
89
59
95
26
11
51
23
56
12
27
69
59
11
95
91
77
36
4
87
93
95
33
99
42
16
62
23
10
71
68
18
14
77
40
62
35
77
29
52
60
92
21
51
21
75
42
34
61
87
74
75
68
67
95
2
75
56
21
96
83
29
64
45
48
21
81
6
14
86
65
17
83
23
50
98
74
83
71
60
32
80
56
3
86
1
90
94
74
44
8
92
26
58
67
63
60
41
62
49
35
29
6
68
36
37
43
10
24
99
19
22
45
7
27
84
41
4
34
84
74
57
57
63
90
80
93
52
99
85
84
22
68
3
74
93
33
29
88
28
89
17
34
75
75
4
6
14
82
55
75
45
69
28
93
11
49
78
69
9
39
73
8
51
17
88
52
13
54
43
68
93
22
11
74
89
83
94
46
43
28
30
26
79
15
54
35
15
49
60
21
74
55
60
58
70
51
6
36
49
45
99
85
7
86
28
60
96
19
52
64
6
9
24
70
76
8
12
80
72
31
48
12
94
80
92
78
72
38
62
1
99
0
58
98
80
13
72
67
6
8
12
56
14
98
87
72
60
9
57
27
63
59
33
23
78
46
35
88
42
9
2
36
57
1
5
99
69
94
23
10
47
90
52
93
55
13
43
73
16
28
26
40
6
25
94
86
29
90
88
46
58
94
31
58
35
31
23
48
74
12
56
53
59
0
9
0
65
9
88
42
95
21
36
53
44
37
5
44
31
95
26
45
19
31
96
67
81
5
54
96
2
24
19
14
39
8
57
36
60
7
52
21
94
44
68
18
58
41
95
92
1
69
68
16
9
87
41
55
55
89
52
8
47
91
62
52
43
64
21
22
50
64
26
0
52
71
50
83
75
76
85
14
64
70
30
38
29
32
46
95
43
61
52
32
24
15
70
25
71
53
98
17
54
51
42
99
10
79
41
23
33
64
87
46
86
14
82
99
96
73
47
63
74
26
17
39
67
22
74
3
75
56
25
96
85
78
9
54
24
9
21
44
2
51
55
59
51
10
33
6
17
86
72
58
33
53
65
73
9
3
34
68
60
71
50
99
75
38
34
89
14
33
50
30
36
91
33
92
56
55
76
0
76
54
36
48
69
85
71
79
70
88
17
74
67
25
86
46
74
81
2
81
89
82
87
4
19
93
73
68
22
11
77
75
68
57
79
31
72
80
2
9
57
74
71
54
33
47
19
21
60
33
76
92
69
87
90
33
54
38
67
29
56
76
23
30
52
85
44
85
49
88
49
63
69
59
29
28
88
31
89
0
71
88
52
68
10
85
32
16
57
27
99
8
6
55
39
15
99
37
59
54
99
27
34
95
93
23
39
29
38
95
64
71
51
29
24
20
91
9
81
8
94
78
42
99
69
9
43
62
9
32
17
41
25
47
7
35
90
27
26
94
82
20
25
82
59
26
24
26
30
29
31
81
29
18
50
72
22
49
71
51
71
56
47
55
24
70
94
77
60
53
75
72
73
97
46
42
1
76
82
65
40
66
68
59
62
23
37
80
87
61
74
94
36
50
96
98
85
80
1
50
45
53
91
58
94
21
89
70
10
94
11
72
78
76
91
52
61
30
18
2
65
79
50
93
18
98
62
49
6
58
51
49
34
22
95
43
14
41
18
37
10
99
88
94
53
78
46
33
95
14
62
35
0


9
