73
56
81
47
35
53
15
52
86
39
71
87
7
54
85
42
16
6
12
17
72
75
13
32
94
70
29
51
20
33
76
10
90
39
7
16
16
41
68
45
64
12
71
39
60
48
86
57
93
82
24
83
48
9
41
44
75
61
30
64
6
58
60
8
65
55
64
93
2
87
73
39
46
55
96
48
76
37
49
26
55
97
39
51
28
51
17
42
57
89
49
7
91
2
16
87
14
91
56
9
76
67
79
21
97
17
92
8
90
13
73
29
8
5
98
27
16
22
85
19
7
2
78
37
92
73
10
92
90
29
16
51
81
32
61
80
96
49
9
6
36
59
90
8
13
15
24
48
3
95
6
78
36
7
36
51
94
45
19
78
16
16
21
35
8
58
79
89
57
59
19
4
46
87
60
80
28
78
23
90
88
66
82
43
53
33
7
55
32
64
9
15
84
71
74
72
54
98
43
82
10
22
39
41
29
15
56
36
51
4
75
58
12
64
28
42
25
52
82
70
20
76
75
20
77
95
70
47
30
8
91
2
65
89
22
13
32
59
71
98
31
82
13
30
16
12
96
52
85
69
5
76
82
53
13
73
13
35
34
98
78
67
81
21
91
26
25
68
31
73
80
3
18
52
34
41
31
28
11
61
68
95
3
66
80
70
51
17
2
85
73
16
78
90
89
77
82
44
92
96
49
26
19
96
86
1
95
5
49
37
99
81
25
6
26
40
5
44
41
18
78
64
58
93
33
58
77
72
30
65
12
1
68
34
60
23
25
16
95
63
46
62
18
31
99
18
39
46
26
62
22
0
64
36
57
64
69
97
89
24
50
60
51
86
31
96
19
69
90
87
4
59
25
92
62
12
99
87
88
16
77
72
41
49
69
32
1
14
89
42
51
96
15
29
15
58
52
86
49
52
31
95
54
17
42
15
78
68
36
36
17
64
92
61
4
41
54
87
70
2
42
32
83
58
49
44
16
71
95
9
32
85
43
1
18
56
91
37
79
49
66
95
61
39
56
0
58
83
88
78
10
90
65
38
73
49
53
63
8
44
73
59
31
10
91
90
87
87
6
27
39
17
27
89
95
12
13
3
74
74
5
65
35
79
43
31
54
51
8
69
48
21
90
35
71
47
80
25
0
33
39
20
1
32
74
7
18
94
71
66
2
50
84
0
26
18
8
14
88
37
30
58
90
17
6
40
76
80
91
93
67
87
6
43
46
66
48
58
0
79
85
71
56
58
98
9
53
51
23
1
6
41
61
98
72
14
61
77
94
82
44
28
65
52
31
94
36
47
51
15
20
83
82
41
46
89
68
8
39
91
42
3
62
29
41
48
33
61
45
87
43
57
31
40
83
86
44
34
79
72
45
36
60
50
55
72
43
73
98
76
80
82
44
6
15
56
86
21
43
41
16
28
95
59
37
81
4
24
8
97
84
32
82
17
92
58
65
62
13
80
38
47
19
1
40
92
47
54
78
10
6
66
96
59
68
25
86
81
95
28
8
36
13
42
26
29
35
2
64
30
27
97
64
11
59
83
32
20
43
44
48
74
57
28
23
6
43
64
86
21
99
88
66
84
8
98
47
29
13
91
52
4
95
22
71
71
96
94
4
56
5
97
15
55
54
71
11
22
36
19
52
13
67
79
17
21
10
37
56
4
50
85
55
11
88
36
71
74
56
99
65
39
90
83
80
20
5
55
90
99
97
53
95
27
62
70
96
22
25
69
40
51
42
29
22
10
94
25
33
89
94
68
0
82
29
34
74
49
85
16
20
55
75
74
32
82
63
55
44
44
20
49
20
55
39
33
31
78
97
98
68
22
29
56
5
31
41
75
80
57
75
91
10
92
23
13
44
56
36
45
85
46
54
88
97
67
55
50
97
93
56
51
89
79
41
9
52
77
76
45
59
64
28
28
55
29
84
0
61
81
23
7
14
31
89
9
49
71
95
53
6
34
30
34
85
28
7
7
51
19
51
0
19
48
86
4
89
0
99
70
0
40
68
41
99
60
51
73
61
37
7
18
22
46
36
37
88
24
65
39
57
71
91
18
27
27
16
49
55
90
46
38
5
8
91
69
13
39
27
80
74
95
81
53
55
76
48
45
26
80
63
70
73
95
95
97
36
50
88
85
27
44
80
28
5
10
8
15
59
16
27
64
37
73
28
60
15
66
37
54
96
29
2
95
24
3
1
76
4
92
51
7
62
77
49
43
3
65
58
24
82
76
32
47
1
20
6
39
74
42
50
61
56
55
58
66
5
95
56
51

94
1
98
29
93

8
71

9
