<<<<<<< HEAD
81
63
3
21
11
78
29
42
6
64
0
14
78
1
4
9
93
15
79
22
51
80
51
6
4
99
46
15
87
21
27
96
16
26
78
34
59
26
91
17
51
29
7
73
12
75
3
52
25
34
88
65
16
33
15
77
33
33
43
66
86
97
89
94
28
11
68
70
61
20
46
45
53
36
3
28
18
81
90
52
56
14
82
23
87
93
94
46
70
15
68
42
38
30
99
38
55
39
4
5
89
50
54
60
30
92
17
41
15
91
87
85
82
19
29
53
51
70
17
3
81
49
30
40
56
53
35
28
1
36
6
42
52
61
64
45
54
1
64
76
23
11
11
87
86
50
70
8
79
5
23
66
79
90
75
73
75
17
85
36
75
39
65
49
15
89
34
82
7
3
19
63
5
65
9
83
32
24
60
67
47
14
63
77
21
19
59
53
38
65
52
47
45
57
3
12
22
4
59
39
0
0
22
26
15
10
75
41
90
3
4
26
15
36
14
28
32
48
48
43
89
49
47
40
87
67
56
24
51
6
41
91
44
87
91
62
48
21
80
75
81
34
67
18
48
45
91
73
16
1
1
35
83
82
6
73
15
48
66
70
26
90
52
34
62
71
91
41
1
38
75
3
50
54
26
39
8
40
98
54
71
72
59
60
18
16
83
56
65
99
15
93
14
58
70
0
19
77
1
68
54
62
93
32
88
75
81
40
29
52
3
68
51
21
8
47
68
3
36
11
83
76
13
30
7
64
55
68
87
45
35
46
42
50
16
18
31
9
36
63
91
72
87
11
14
72
76
71
69
72
91
21
90
75
75
42
27
43
17
42
38
96
9
84
43
59
31
40
97
25
60
63
61
86
8
60
44
22
78
75
82
52
38
23
70
67
96
57
71
66
18
24
46
33
56
33
39
73
29
39
23
85
3
86
47
14
54
31
54
87
61
72
25
24
92
99
54
65
90
74
58
96
75
41
77
7
37
33
55
2
55
48
47
58
10
58
45
93
73
98
12
56
49
84
82
8
29
45
11
89
63
84
31
23
54
38
41
89
99
23
47
32
0
8
74
89
32
73
55
94
42
46
61
63
49
11
66
37
14
41
38
65
66
39
26
57
27
28
64
98
24
10
68
66
88
61
31
34
53
97
55
78
15
27
10
31
89
77
81
35
41
93
34
54
64
88
61
75
17
28
53
73
29
49
55
24
58
82
33
37
73
51
74
39
24
15
82
22
31
31
22
33
41
47
18
56
17
85
30
3
63
1
68
59
84
64
16
19
57
99
21
92
18
13
43
75
6
7
78
15
18
24
94
73
27
46
65
56
3
77
2
57
60
86
81
62
23
97
77
24
30
22
30
21
17
57
65
53
8
47
6
38
2
58
99
63
24
24
36
42
68
58
63
12
94
37
96
81
18
62
17
25
68
74
25
91
17
28
60
46
11
27
83
45
0
38
84
6
12
49
76
69
19
63
97
45
62
47
18
28
16
17
4
83
17
99
86
1
55
69
17
46
97
76
31
46
58
15
35
93
18
77
77
52
47
19
78
98
48
66
98
46
52
57
62
31
72
19
83
73
52
41
60
67
59
8
59
63
51
41
44
14
6
12
22
98
88
54
83
98
4
51
45
49
43
43
59
17
81
42
80
10
53
3
16
63
8
99
96
79
3
77
57
1
38
98
27
9
82
83
53
10
86
43
82
8
73
22
14
92
43
96
40
15
18
71
45
24
1
54
74
76
65
66
73
0
78
95
84
25
27
60
13
81
23
58
74
41
43
48
99
1
70
74
32
20
29
87
9
78
78
39
35
41
34
86
18
14
40
41
54
61
40
57
8
26
52
25
30
8
43
1
89
87
60
22
68
71
21
4
20
26
50
62
44
79
83
64
80
83
69
78
2
69
48
23
85
47
57
91
29
29
51
20
9
43
44
76
48
95
49
44
11
49
2
60
44
14
64
9
18
82
2
59
50
55
73
76
85
63
15
25
48
90
66
14
43
3
91
20
52
44
50
87
46
34
94
23
60
39
25
88
6
77
95
63
20
75
17
93
1
72
48
63
42
61
98
20
47
57
69
45
80
92
38
82
21
5
48
13
83
5
13
77
82
84
80
12
21
74
93
4
75
99
71
18
53
71
48
73
33
77
98
69
74
25
82
92
39
46
44
19
35
74
38
66
64
36
74
70
1
44
56
86
28
85
43
85
29
94
42
58
28
82
86
85
41
91
83
78
98
92
9
71
29
5
15
9
71
13
2
34
83
69
91
22
14
91
71
14

=======
45
95
14
17
79
23
37
16
99
67
76
54
56
95
18
85
62
56
74
55
98
22
31
60
27
92
19
81
53
44
46
65
11
46
26
98
70
36
44
36
83
99
24
94
43
17
42
43
11
46
33
87
52
71
87
15
52
89
96
18
35
83
14
26
43
71
69
4
10
6
36
25
68
82
86
91
76
75
85
28
23
20
10
8
75
68
4
10
29
9
27
>>>>>>> 4bd740a (save)
70
77
33
95
14
63
78
37
99
62
74
81
57
97
97
57
11
49
16
48
42
54
2
66
59
70
70
72
2
55
23
81
62
15
37
24
68
33
79
51
8
95
92
75
24
95
5
52
87
61
79
28
4
17
53
33
2
57
32
26
70
90
34
90
68
97
3
50
25
13
30
95
56
70
17
67
10
93
25
75
40
9
57
60
5
94
62
38
42
6
18
49
43
91
86
10
65
98
0
28
88
27
42
17
1
24
62
13
5
68
19
18
52
38
84
9
15
77
59
89
13
30
72
45
71
91
92
54
85
27
52
66
64
36
6
79
64
92
89
53
36
98
53
56
45
23
37
9
70
9
34
30
0
77
11
13
70
16
83
90
5
26
30
9
7
29
90
52
83
74
57
85
18
68
51
32
5
89
59
95
26
11
51
23
56
12
27
69
59
11
95
91
77
36
4
87
93
95
33
99
42
16
62
23
10
71
68
18
14
77
40
62
35
77
29
52
60
92
21
51
21
75
42
34
61
87
74
75
68
67
95
2
75
56
21
96
83
29
64
45
48
21
81
6
14
86
65
17
83
23
50
98
74
83
71
60
32
80
56
3
86
1
90
94
74
44
8
92
26
58
67
63
60
41
62
49
35
29
6
68
36
37
43
10
24
99
19
22
45
7
27
84
41
4
34
84
74
57
57
63
90
80
93
52
99
85
84
22
68
3
74
93
33
29
88
28
89
17
34
75
75
4
6
14
82
55
75
45
69
28
93
11
49
78
69
9
39
73
8
51
17
88
52
13
54
43
68
93
22
11
74
89
83
94
46
43
28
30
26
79
15
54
35
15
49
60
21
74
55
60
58
70
51
6
36
49
45
99
85
7
86
28
60
96
19
52
64
6
9
24
70
76
8
12
80
72
31
48
12
94
80
92
78
72
38
62
1
99
0
58
98
80
13
72
67
6
8
12
56
14
98
87
72
60
9
57
27
63
59
33
23
78
46
35
88
42
9
2
36
57
1
5
99
69
94
23
10
47
90
52
93
55
13
43
73
16
28
26
40
6
25
94
86
29
90
88
46
58
94
31
58
35
31
23
48
74
12
56
53
59
0
9
0
65
9
88
42
95
21
36
53
44
37
5
44
31
95
26
45
19
31
96
67
81
5
54
96
2
24
19
14
39
8
57
36
60
7
52
21
94
44
68
18
58
41
95
92
1
69
68
16
9
87
41
55
55
89
52
8
47
91
62
52
43
64
21
22
50
64
26
0
52
71
50
83
75
76
85
14
64
70
30
38
29
32
46
95
43
61
52
32
24
15
70
25
71
53
98
17
54
51
42
99
10
79
41
23
33
64
87
46
86
14
82
99
96
73
47
63
74
26
17
39
67
22
74
3
75
56
25
96
85
78
9
54
24
9
21
44
2
51
55
59
51
10
33
6
17
86
72
58
33
53
65
73
9
3
34
68
60
71
50
99
75
38
34
89
14
33
50
30
36
91
33
92
56
55
76
0
76
54
36
48
69
85
71
79
70
88
17
74
67
25
86
46
74
81
2
81
89
82
87
4
19
93
73
68
22
11
77
75
68
57
79
31
72
80
2
9
57
74
71
54
33
47
19
21
60
33
76
92
69
87
90
33
54
38
67
29
56
76
23
30
52
85
44
85
49
88
49
63
69
59
29
28
88
31
89
0
71
88
52
68
10
85
32
16
57
27
99
8
6
55
39
15
99
37
59
54
99
27
34
95
93
23
39
29
38
95
64
71
51
29
24
20
91
9
81
8
94
78
42
99
69
9
43
62
9
32
17
41
25
47
7
35
90
27
26
94
82
20
25
82
59
26
24
26
30
29
31
81
29
18
50
72
22
49
71
51
71
56
47
55
24
70
94
77
60
53
75
72
73
97
46
42
1
76
82
65
40
66
68
59
62
23
37
80
87
61
74
94
36
50
96
98
85
80
1
50
45
53
91
58
94
21
89
70
10
94
11
72
78
76
91
52
61
30
18
2
65
79
50
93
18
98
62
49
6
58
51
49
34
22
95
43
14
41
18
37
10
99
88
94
53
78
46
33
95
14
62
35
0


9
